READ TERR 1 2
! WTSLEW
74.3714719943245	0.398831033408356	-0.453360925225056	9.06925087910231e-09	1.14499839195381e-09	-1.10004106690627e-09
75.1479783780215	0.32330269040645	-0.37767535028874	1.10196128973445e-08	1.42561533918022e-09	-1.33732841795536e-09
75.8541182585561	0.323523746036841	-0.382837190128058	1.09645084594429e-08	1.3950635566506e-09	-1.33104187718643e-09
76.6231338569153	0.493920145472686	-0.445491852322419	8.23430928299382e-09	1.0162677602975e-09	-9.98760136028397e-10
77.4639193103033	0.341659653556277	-0.346865307915323	1.12591142192305e-08	1.39298942267392e-09	-1.36593529186981e-09
78.1187498014024	0.393175197460835	-0.313170837542771	1.09587403233041e-08	1.38239049486568e-09	-1.33275436281818e-09
78.8487699339455	0.383719072676797	-0.336844935082297	1.07636228655387e-08	1.36798276760833e-09	-1.30924099816393e-09
79.6428314603413	0.385825618401725	-0.410342453718968	1.01622752071041e-08	1.25002730094607e-09	-1.208016560836e-09
NO NO NO NO NO NO
! WT
87.5755	0.3814	-0.4886	9.08071142e-09	1.188544544e-09	-1.127583006e-09
88.3219	0.3110	-0.3651	1.180098436e-08	1.515645428e-09	-1.446249486e-09
88.9003	0.2824	-0.2673	1.437098212e-08	1.831005946e-09	-1.780269106e-09
89.5479	0.3714	-0.3652	1.072597196e-08	1.415426166e-09	-1.33305634e-09
90.2386	0.2767	-0.3193	1.299390202e-08	1.778467944e-09	-1.659847486e-09
90.8776	0.2568	-0.3623	1.238267316e-08	1.667507336e-09	-1.59863473e-09
91.3959	0.3346	-0.2615	1.325535684e-08	1.691742558e-09	-1.642550228e-09
92.0158	0.2821	-0.2854	1.405749048e-08	1.765828042e-09	-1.71881809e-09
92.5873	0.2480	-0.2893	1.484882718e-08	1.879646934e-09	-1.816472086e-09
93.1614	0.2965	-0.3262	1.243743534e-08	1.681101114e-09	-1.586268618e-09
93.8048	0.3613	-0.3468	1.093689058e-08	1.47514499e-09	-1.39487436e-09
94.6432	0.3946	-0.4771	8.79429364e-09	1.206964968e-09	-1.136816208e-09
95.4352	0.2804	-0.3974	1.176992278e-08	1.507279158e-09	-1.4414521e-09
95.9729	0.2569	-0.2573	1.55167661e-08	1.951703446e-09	-1.897397722e-09
96.4629	0.2704	-0.2331	1.774650768e-08	2.192403312e-09	-2.097559112e-09
96.9600	0.2821	-0.2267	2.01816461e-08	2.368704008e-09	-2.272148098e-09
97.5077	0.2433	-0.2655	2.687326598e-08	3.042665054e-09	-2.943484104e-09
98.0191	0.2407	-0.2681	2.564506076e-08	2.992316536e-09	-2.877473544e-09
98.5107	0.2597	-0.2509	1.993209592e-08	2.575746514e-09	-2.53093357e-09
99.0469	0.2715	-0.2765	1.911152848e-08	2.383553458e-09	-2.33762111e-09
99.6392	0.2663	-0.3208	1.733452688e-08	2.276585586e-09	-2.199364684e-09
100.1962	0.2697	-0.2907	1.851087502e-08	2.373428662e-09	-2.292250972e-09
100.8368	0.3230	-0.3708	1.452595562e-08	1.945297596e-09	-1.866872018e-09
101.4583	0.2601	-0.2985	1.857017668e-08	2.377290146e-09	-2.298992058e-09
101.9851	0.2404	-0.2666	2.635104186e-08	2.961018368e-09	-2.920639568e-09
102.4558	0.2750	-0.2303	2.385448252e-08	2.801031794e-09	-2.77163678e-09
102.9705	0.2780	-0.2397	2.18494661e-08	2.655925184e-09	-2.590775704e-09
103.4946	0.2574	-0.2461	2.071972914e-08	2.69604566e-09	-2.576218018e-09
104.0087	0.2467	-0.2568	2.817042448e-08	3.16656109e-09	-2.990818006e-09
104.5224	0.2366	-0.2669	2.359383444e-08	2.739131428e-09	-2.708330262e-09
105.0154	0.2453	-0.2564	2.589287206e-08	2.993740662e-09	-2.89592699e-09
105.5067	0.2752	-0.2461	1.914560802e-08	2.612156822e-09	-2.491143314e-09
106.0867	0.2753	-0.3047	1.771659978e-08	2.273523318e-09	-2.219697458e-09
106.6179	0.2618	-0.256	1.984782712e-08	2.521792746e-09	-2.488167154e-09
107.1573	0.2276	-0.2776	2.033761026e-08	2.69203913e-09	-2.54779987e-09
107.7247	0.2741	-0.3397	1.706220824e-08	2.171987774e-09	-2.086022312e-09
108.3149	0.2656	-0.3161	1.758624648e-08	2.219843758e-09	-2.178501886e-09
108.8533	0.3481	-0.2728	1.630163216e-08	2.058019656e-09	-2.018945852e-09
109.4631	0.2899	-0.2617	1.817835184e-08	2.39949974e-09	-2.277413644e-09
110.0286	0.3079	-0.2756	1.68516909e-08	2.287245422e-09	-2.16473631e-09
110.6200	0.3036	-0.2835	1.658598084e-08	2.301692338e-09	-2.157524556e-09
111.2024	0.2230	-0.2788	2.108662864e-08	2.716379688e-09	-2.550953262e-09
111.7119	0.2294	-0.2865	1.980403744e-08	2.495363024e-09	-2.42288266e-09
112.2302	0.2448	-0.2889	1.924960224e-08	2.419374804e-09	-2.367621806e-09
112.7477	0.2326	-0.2726	2.09716661e-08	2.626370912e-09	-2.591797714e-09
113.2362	0.2689	-0.2559	2.480707108e-08	2.725660124e-09	-2.701774768e-09
113.7935	0.2169	-0.2884	2.305114086e-08	2.680747696e-09	-2.65646733e-09
114.2636	0.2770	-0.2532	1.854816898e-08	2.408099254e-09	-2.383871556e-09
114.7911	0.2708	-0.2505	1.904941368e-08	2.441934264e-09	-2.417531006e-09
115.3338	0.2511	-0.2719	2.06254994e-08	2.51339011e-09	-2.488825086e-09
115.8502	0.2382	-0.2653	2.040568574e-08	2.52108549e-09	-2.5053875e-09
116.3362	0.2557	-0.2477	2.373819492e-08	2.748175276e-09	-2.702932628e-09
116.8472	0.2465	-0.2552	2.351907096e-08	2.744882272e-09	-2.696120064e-09
117.3566	0.2423	-0.263	2.456010414e-08	2.766483258e-09	-2.740861112e-09
117.9077	0.3140	-0.3087	1.625503352e-08	2.025370094e-09	-2.011116294e-09
118.4590	0.2874	-0.2374	1.91027045e-08	2.424808386e-09	-2.394586568e-09
119.0576	0.2902	-0.3111	1.652917046e-08	2.180881142e-09	-2.16040374e-09
119.6319	0.3528	-0.2841	1.610225034e-08	2.03689519e-09	-2.017832718e-09
120.2600	0.3083	-0.2752	1.791164276e-08	2.245300794e-09	-2.19079025e-09
120.9301	0.3499	-0.3617	1.407861202e-08	1.922654536e-09	-1.839806518e-09
121.6203	0.3802	-0.3403	1.382463104e-08	1.842640976e-09	-1.800561752e-09
122.2829	0.2958	-0.2824	1.75673487e-08	2.268888952e-09	-2.231176574e-09
122.8897	0.3028	-0.311	1.65489753e-08	2.140794942e-09	-2.102139556e-09
123.4671	0.2467	-0.2746	1.967439474e-08	2.5286074e-09	-2.467594866e-09
123.9780	0.3034	-0.2642	1.84170173e-08	2.32857559e-09	-2.252422678e-09
124.5569	0.2440	-0.2755	2.004206754e-08	2.595081522e-09	-2.492463358e-09
125.1028	0.3065	-0.3019	1.669411744e-08	2.22406723e-09	-2.118016868e-09
125.6594	0.2552	-0.2501	2.133853634e-08	2.795208218e-09	-2.623786836e-09
126.1405	0.2776	-0.2259	2.113851916e-08	2.868362398e-09	-2.67234297e-09
126.6889	0.2362	-0.2708	2.165106658e-08	2.80840406e-09	-2.599870966e-09
127.1496	0.2808	-0.2245	2.59355833e-08	2.966661368e-09	-2.832983296e-09
127.6992	0.2365	-0.2687	2.01036891e-08	2.604893654e-09	-2.554119194e-09
128.2425	0.3034	-0.3068	1.696771516e-08	2.127574438e-09	-2.100674884e-09
128.8559	0.3129	-0.31	1.61511647e-08	2.13356396e-09	-2.076713034e-09
129.4586	0.2634	-0.2898	1.893481062e-08	2.487355816e-09	-2.324689862e-09
130.0236	0.3459	-0.3017	1.50230663e-08	2.113512082e-09	-1.979335336e-09
130.6395	0.2727	-0.27	1.8286246e-08	2.46316532e-09	-2.349470992e-09
131.1790	0.3630	-0.2668	1.621664858e-08	2.135437018e-09	-2.006230292e-09
131.8430	0.3021	-0.301	1.661287914e-08	2.234284404e-09	-2.107301856e-09
132.4458	0.3256	-0.3006	1.615407398e-08	2.166613548e-09	-2.023358678e-09
133.0578	0.2758	-0.2865	1.833531502e-08	2.39344919e-09	-2.24034206e-09
133.6644	0.3417	-0.3307	1.519004894e-08	1.984635994e-09	-1.87950147e-09
134.3077	0.2873	-0.3016	1.652083136e-08	2.218356096e-09	-2.179531838e-09
135.0043	0.4377	-0.4093	1.125752166e-08	1.545839658e-09	-1.523811894e-09
135.7415	0.2645	-0.2995	1.82808956e-08	2.32816386e-09	-2.235006708e-09
136.4446	0.3246	-0.4386	1.345616404e-08	1.734450454e-09	-1.67373679e-09
137.1112	0.4194	-0.342	1.349014744e-08	1.724621602e-09	-1.678672116e-09
137.8521	0.3154	-0.3215	1.618788182e-08	2.046390478e-09	-1.97981311e-09
138.4861	0.2756	-0.3186	1.702471782e-08	2.230827962e-09	-2.133378786e-09
139.1587	0.4552	-0.397	1.164364916e-08	1.541035584e-09	-1.496867614e-09
139.9335	0.3315	-0.3196	1.55361613e-08	1.984474646e-09	-1.949030754e-09
140.6124	0.3110	-0.3473	1.460214448e-08	1.958572022e-09	-1.92669994e-09
141.3506	0.3948	-0.4272	1.237275402e-08	1.57457256e-09	-1.51275872e-09
142.0500	0.3412	-0.3046	1.515544272e-08	2.075958126e-09	-1.946643138e-09
142.7706	0.3464	-0.3795	1.361571046e-08	1.812799956e-09	-1.72748114e-09
143.4693	0.2901	-0.3523	1.562149182e-08	2.044192216e-09	-1.966885206e-09
144.0760	0.2919	-0.3165	1.671432774e-08	2.145744898e-09	-2.04298754e-09
144.7511	0.3568	-0.3832	1.369041124e-08	1.808382114e-09	-1.701684688e-09
145.4437	0.3313	-0.3359	1.524344426e-08	1.926053294e-09	-1.864176336e-09
146.0548	0.3269	-0.2798	1.644827492e-08	2.089751708e-09	-2.06206297e-09
146.7053	0.2973	-0.3236	1.576337356e-08	2.04014723e-09	-2.025168618e-09
147.3261	0.3757	-0.3235	1.427191194e-08	1.81729471e-09	-1.789707128e-09
148.0473	0.3289	-0.3454	1.451561012e-08	1.892854062e-09	-1.866393826e-09
148.7550	0.3026	-0.3788	1.486729442e-08	1.867672488e-09	-1.848679404e-09
149.3204	0.3278	-0.2628	1.705596332e-08	2.127790544e-09	-2.110494958e-09
149.9608	0.2977	-0.3125	1.650896016e-08	2.057787666e-09	-2.042603398e-09
150.6208	0.3298	-0.3623	1.400438358e-08	1.83889486e-09	-1.822510514e-09
151.3706	0.4891	-0.42	1.117885824e-08	1.436209544e-09	-1.383571222e-09
152.2180	0.2981	-0.3584	1.586963334e-08	1.95594949e-09	-1.925758186e-09
152.7712	0.2645	-0.255	1.912601636e-08	2.494474356e-09	-2.468937064e-09
153.3913	0.3596	-0.3556	1.42971466e-08	1.866920924e-09	-1.77733182e-09
154.0372	0.3364	-0.2863	1.617524568e-08	2.097214262e-09	-2.026949716e-09
154.7531	0.3161	-0.3795	1.461781112e-08	1.836967044e-09	-1.810248902e-09
155.4306	0.3948	-0.3614	1.35759503e-08	1.7685162e-09	-1.658845958e-09
156.2217	0.3847	-0.3963	1.277247488e-08	1.666425134e-09	-1.621753474e-09
157.0358	0.4708	-0.4294	1.108150604e-08	1.426255292e-09	-1.406873468e-09
157.9763	0.3203	-0.4696	1.275077232e-08	1.629201398e-09	-1.597484812e-09
158.6441	0.3534	-0.3475	1.423111514e-08	1.89138939e-09	-1.80564505e-09
159.4128	0.4245	-0.4152	1.19941756e-08	1.53072227e-09	-1.503799308e-09
160.2083	0.4047	-0.371	1.298471856e-08	1.6504939e-09	-1.628119196e-09
160.9578	0.3455	-0.3448	1.44513468e-08	1.869892486e-09	-1.835748574e-09
161.7055	0.3877	-0.4022	1.295573444e-08	1.624810726e-09	-1.603677482e-09
162.4652	0.3396	-0.372	1.444702886e-08	1.799400966e-09	-1.787370926e-09
163.1790	0.3429	-0.3741	1.433920158e-08	1.799061968e-09	-1.77558876e-09
163.9226	0.4159	-0.4007	1.223144076e-08	1.619240876e-09	-1.572702428e-09
164.8015	0.4213	-0.463	1.162710054e-08	1.480970656e-09	-1.439288114e-09
165.6967	0.3854	-0.4739	1.196394166e-08	1.500922214e-09	-1.481230234e-09
166.5524	0.4246	-0.4703	1.105252192e-08	1.507432982e-09	-1.4381081e-09
167.3441	0.3907	-0.3672	1.356519934e-08	1.721127958e-09	-1.680339518e-09
168.1318	0.4606	-0.397	1.198911362e-08	1.543867952e-09	-1.483876592e-09
169.0902	0.5003	-0.4978	1.010526286e-08	1.348658608e-09	-1.28197674e-09
170.121	0.546	-0.531	9.3702851e-09	1.233571086e-09	-1.189235498e-09
171.249	0.526	-0.582	9.18748116e-09	1.207009276e-09	-1.151157788e-09
172.1850	0.4140	-0.4097	1.24469114e-08	1.633550688e-09	-1.539899042e-09
173.0313	0.3701	-0.4323	1.268865334e-08	1.669005448e-09	-1.569785206e-09
173.8345	0.4245	-0.4331	1.175996184e-08	1.552557754e-09	-1.473352188e-09
174.6960	0.4134	-0.437	1.197192964e-08	1.533103198e-09	-1.482096748e-09
175.5280	0.4372	-0.4186	1.178439812e-08	1.491202042e-09	-1.476715416e-09
176.3664	0.3620	-0.4012	1.333935394e-08	1.742122844e-09	-1.65026609e-09
177.230	0.516	-0.502	9.71979162e-09	1.317511338e-09	-1.248615324e-09
178.1701	0.5295	-0.4241	1.067646822e-08	1.386485518e-09	-1.321134562e-09
179.0829	0.3569	-0.3832	1.211853896e-08	1.53490854e-09	-1.500741638e-09
179.7989	0.3561	-0.3591	1.098669946e-08	1.392494686e-09	-1.360217562e-09
180.4105	0.2534	-0.2555	1.54428637e-08	2.031988288e-09	-1.913276288e-09
180.9597	0.2646	-0.2958	1.402149232e-08	1.780428782e-09	-1.736658748e-09
181.5677	0.3130	-0.3435	1.196926698e-08	1.507214368e-09	-1.481639038e-09
182.3944	0.3617	-0.5137	8.97701816e-09	1.221929786e-09	-1.111231682e-09
183.2082	0.4073	-0.4521	9.14397154e-09	1.254000836e-09	-1.132051844e-09
183.9527	0.3210	-0.3373	1.170171772e-08	1.622243788e-09	-1.487091848e-09
184.7080	0.4019	-0.4343	9.39714578e-09	1.191344308e-09	-1.163731646e-09
185.4421	0.3011	-0.3322	1.240633196e-08	1.576657544e-09	-1.536720152e-09
186.1240	0.4003	-0.3807	9.76289996e-09	1.285039008e-09	-1.25764705e-09
186.9386	0.3685	-0.4143	9.93907024e-09	1.283539224e-09	-1.247687782e-09
187.6593	0.3203	-0.3522	1.179951718e-08	1.474362912e-09	-1.442155594e-09
188.2822	0.2631	-0.3026	1.423514466e-08	1.832720164e-09	-1.727950972e-09
189.0490	0.4928	-0.5036	7.74340402e-09	1.038416082e-09	-9.84109104e-10
189.9646	0.4685	-0.4229	8.97150474e-09	1.171897276e-09	-1.111891704e-09
190.8422	0.3684	-0.4091	1.038683184e-08	1.34181135e-09	-1.270852924e-09
191.7067	0.4023	-0.4962	8.72495162e-09	1.186053264e-09	-1.109575566e-09
192.5370	0.4118	-0.428	9.14718178e-09	1.284605124e-09	-1.19420092e-09
193.3354	0.3107	-0.3867	1.13530472e-08	1.5078305e-09	-1.425382926e-09
194.0581	0.4705	-0.412	9.4244788e-09	1.265035618e-09	-1.134923922e-09
194.9055	0.4077	-0.3769	1.019200622e-08	1.342499378e-09	-1.262665976e-09
195.6464	0.2610	-0.3332	1.33242098e-08	1.722129904e-09	-1.672804232e-09
196.2641	0.3479	-0.3566	1.146246706e-08	1.464203004e-09	-1.40283308e-09
197.0122	0.4164	-0.4003	9.79251108e-09	1.258857578e-09	-1.21341847e-09
197.9305	0.4446	-0.5019	8.36539638e-09	1.075300402e-09	-1.04969623e-09
198.7643	0.3491	-0.3892	1.07238318e-08	1.417404978e-09	-1.346258034e-09
199.4695	0.3929	-0.3561	1.067630102e-08	1.45034714e-09	-1.321987282e-09
200.2233	0.3205	-0.3609	1.148535256e-08	1.620365714e-09	-1.459594554e-09
200.9718	0.4403	-0.428	9.18996408e-09	1.275387388e-09	-1.137606228e-09
201.7610	0.3396	-0.3489	1.147448038e-08	1.612508986e-09	-1.439062394e-09
202.4936	0.4130	-0.393	9.99784522e-09	1.372326186e-09	-1.221643456e-09
203.4105	0.4728	-0.5039	7.92727804e-09	1.086641996e-09	-1.021578624e-09
204.2920	0.3456	-0.4088	1.047296074e-08	1.378289374e-09	-1.31547944e-09
205.0984	0.4661	-0.4608	8.60799522e-09	1.139627258e-09	-1.066513624e-09
206.0104	0.5256	-0.4458	8.21404694e-09	1.07565194e-09	-1.017982988e-09
206.9681	0.3934	-0.4321	9.56995116e-09	1.272823376e-09	-1.201456982e-09
207.7686	0.4220	-0.4071	9.62388152e-09	1.245703536e-09	-1.19324579e-09
208.6877	0.4298	-0.4971	8.4382078e-09	1.11492095e-09	-1.073981194e-09
209.5785	0.4055	-0.461	9.11814332e-09	1.178856976e-09	-1.14465956e-09
210.3773	0.3895	-0.3933	1.018418126e-08	1.392870468e-09	-1.26085938e-09
211.2140	0.5188	-0.4472	8.14496826e-09	1.101662408e-09	-1.008627312e-09
212.1403	0.3610	-0.4075	1.00356993e-08	1.336561688e-09	-1.27683325e-09
212.8840	0.3308	-0.3826	1.119523548e-08	1.43790746e-09	-1.377490576e-09
213.6275	0.3791	-0.4126	1.008832132e-08	1.292347738e-09	-1.241358844e-09
214.4734	0.4280	-0.4669	8.79234994e-09	1.11515921e-09	-1.088838586e-09
215.3629	0.3978	-0.4615	8.97591882e-09	1.179465584e-09	-1.14120897e-09
216.235	0.556	-0.474	7.6384693e-09	9.91233078e-10	-9.46292644e-10
217.2006	0.4104	-0.4097	9.40444406e-09	1.24842179e-09	-1.196429696e-09
218.052	0.607	-0.441	7.50870956e-09	9.95614136e-10	-9.30272376e-10
219.0797	0.3710	-0.4207	9.93849758e-09	1.303551392e-09	-1.231542114e-09
219.9026	0.5462	-0.4519	7.96105244e-09	1.038635114e-09	-9.7366621e-10
220.972	0.501	-0.523	7.76230598e-09	1.009370098e-09	-9.4892061e-10
221.9637	0.4475	-0.4901	8.49169508e-09	1.097844814e-09	-1.052099312e-09
222.946	0.483	-0.535	7.90078938e-09	1.01523422e-09	-9.66573168e-10
223.9217	0.4821	-0.4929	8.16627372e-09	1.090684892e-09	-1.011498972e-09
224.9518	0.3985	-0.548	8.32891752e-09	1.074536716e-09	-1.045344014e-09
225.7171	0.3965	-0.3668	1.032862952e-08	1.3311628e-09	-1.29626189e-09
226.690	0.536	-0.576	7.26811294e-09	9.23211938e-10	-8.93737086e-10
227.7195	0.4383	-0.494	8.45607312e-09	1.153314668e-09	-1.060943356e-09
228.6160	0.4580	-0.4583	8.60384866e-09	1.177460856e-09	-1.079446544e-09
229.600	0.527	-0.526	7.74780974e-09	1.000897238e-09	-9.40729482e-10
230.5773	0.3986	-0.45	9.4745134e-09	1.287289102e-09	-1.157838264e-09
231.3359	0.3836	-0.36	1.097289292e-08	1.389330426e-09	-1.332893738e-09
232.1728	0.3599	-0.4532	9.72035592e-09	1.269232756e-09	-1.221226292e-09
232.9669	0.3290	-0.4342	1.04783195e-08	1.402219874e-09	-1.297887492e-09
233.8262	0.4286	-0.5303	8.25764016e-09	1.123917564e-09	-1.036044768e-09
234.6170	0.4420	-0.3622	9.55281316e-09	1.30928677e-09	-1.247837426e-09
235.5507	0.4566	-0.4917	8.35068696e-09	1.14867445e-09	-1.047561086e-09
236.3982	0.3634	-0.3909	1.04974639e-08	1.430254298e-09	-1.317087486e-09
237.2398	0.4310	-0.4782	8.71010008e-09	1.148633904e-09	-1.09373462e-09
238.1838	0.4512	-0.5131	8.21177302e-09	1.072081384e-09	-1.031794544e-09
239.1163	0.3568	-0.4812	9.26158002e-09	1.260226528e-09	-1.193909574e-09
NO NO NO NO NO NO
! PC_incbad
3807.402	16.690	-13.398	3.98472503e-10	7.88420732e-11	-7.88420732e-11
3838.059	16.121	-13.967	4.080845802e-10	8.00460804e-11	-8.00460804e-11
3866.293	12.960	-12.113	5.4973061e-10	1.016613202e-10	-1.016613202e-10
3894.988	16.860	-15.735	4.52836956e-10	8.08231006e-11	-8.08231006e-11
3928.018	16.426	-16.17	2.961998996e-10	6.5429749e-11	-6.5429749e-11
3956.632	12.884	-12.189	6.06276396e-10	1.065258788e-10	-1.065258788e-10
3981.924	12.666	-12.407	3.654862002e-10	8.26728342e-11	-8.26728342e-11
4009.423	15.255	-14.833	4.76351546e-10	8.61214178e-11	-8.61214178e-11
4035.328	11.916	-10.65	4.084854004e-10	9.1925515e-11	-9.1925515e-11
4060.947	8.862	-13.704	6.35319036e-10	1.145774366e-10	-1.145774366e-10
4080.144	17.246	-10.334	4.015351054e-10	8.24002982e-11	-8.24002982e-11
4114.811	12.667	-17.421	3.066031254e-10	6.97127024e-11	-6.97127024e-11
4142.799	12.259	-15.321	5.16440254e-10	9.35239052e-11	-9.35239052e-11
4169.680	12.959	-14.621	5.02994448e-10	9.26995674e-11	-9.26995674e-11
4201.210	9.010	-18.571	3.675965986e-10	7.91045772e-11	-7.91045772e-11
4224.749	20.573	-14.529	3.948601888e-10	7.29585142e-11	-7.29585142e-11
4264.620	10.790	-19.298	3.079160634e-10	6.92934066e-11	-6.92934066e-11
4287.403	13.080	-11.993	3.863664706e-10	8.50341162e-11	-8.50341162e-11
4317.606	12.965	-17.123	3.20167518e-10	7.0724137e-11	-7.0724137e-11
4344.027	19.140	-13.456	4.38472386e-10	7.94703272e-11	-7.94703272e-11
4378.318	12.429	-15.151	5.53076282e-10	9.66512558e-11	-9.66512558e-11
4410.421	10.414	-19.674	3.022452664e-10	6.87218334e-11	-6.87218334e-11
4437.374	21.071	-16.539	3.688737976e-10	6.78074584e-11	-6.78074584e-11
4474.233	16.807	-15.788	2.832011864e-10	6.38133848e-11	-6.38133848e-11
4510.911	15.232	-19.871	2.75629618e-10	6.08111834e-11	-6.08111834e-11
4541.358	12.365	-15.216	3.523552736e-10	7.72651264e-11	-7.72651264e-11
4566.672	12.125	-12.949	3.870988066e-10	8.5195297e-11	-8.5195297e-11
4591.385	12.484	-12.589	3.829328514e-10	8.51111954e-11	-8.51111954e-11
4627.673	18.821	-23.804	2.463973732e-10	5.25410116e-11	-5.25410116e-11
4660.529	11.038	-14.035	3.624697032e-10	8.29520582e-11	-8.29520582e-11
4688.328	18.342	-16.761	2.733571192e-10	6.0907198e-11	-6.0907198e-11
4727.017	14.755	-20.347	2.728401786e-10	6.04179708e-11	-6.04179708e-11
4773.568	20.858	-31.796	1.803014576e-10	4.047390754e-11	-4.047390754e-11
4825.274	30.988	-30.848	2.739870452e-10	6.0746686e-11	-6.0746686e-11
4878.432	25.470	-22.169	1.880566116e-10	4.37206682e-11	-4.37206682e-11
4955.403	18.276	-51.501	2.424170936e-10	5.2224293e-11	-5.2224293e-11
5011.033	17.055	-37.354	3.273599604e-10	7.5309597e-11	-7.5309597e-11
5113.591	75.276	-85.503	2.076088124e-10	3.60285277e-11	-3.60285277e-11
9366.967	14.750	-17.845	1.310715494e-10	2.88341416e-11	-2.88341416e-11
9401.589	15.230	-19.873	1.169036902e-10	2.571738312e-11	-2.571738312e-11
9429.103	12.790	-12.284	1.596919676e-10	3.570821012e-11	-3.570821012e-11
9458.813	15.675	-16.92	1.24496493e-10	2.799593456e-11	-2.799593456e-11
9489.779	12.289	-15.291	1.473019878e-10	3.30774477e-11	-3.30774477e-11
9517.566	9.576	-15.498	1.76306339e-10	3.77820795e-11	-3.77820795e-11
9535.664	14.043	-8.523	1.75807665e-10	3.942280892e-11	-3.942280892e-11
9559.358	12.915	-9.651	1.753543022e-10	3.937674114e-11	-3.937674114e-11
9583.680	11.159	-11.407	1.731441272e-10	3.871620082e-11	-3.871620082e-11
9615.725	19.231	-20.886	1.19390205e-10	2.448534066e-11	-2.448534066e-11
9657.098	17.975	-22.142	1.030808482e-10	2.270721046e-11	-2.270721046e-11
9689.112	11.035	-14.038	1.611832662e-10	3.619456148e-11	-3.619456148e-11
9715.938	21.818	-15.791	1.067852896e-10	2.404720142e-11	-2.404720142e-11
9758.185	19.688	-20.429	1.009045312e-10	2.275516342e-11	-2.275516342e-11
9792.537	22.946	-14.664	1.094921322e-10	2.465676246e-11	-2.465676246e-11
9838.582	12.004	-23.098	1.25733355e-10	2.751105456e-11	-2.751105456e-11
9868.929	16.759	-18.343	1.268976522e-10	2.74054176e-11	-2.74054176e-11
9898.998	11.764	-13.31	1.66162524e-10	3.65043789e-11	-3.65043789e-11
9931.498	14.366	-20.737	1.270721672e-10	2.733679872e-11	-2.733679872e-11
9962.611	15.848	-16.747	1.338904996e-10	2.899078292e-11	-2.899078292e-11
9992.246	11.286	-13.787	1.598884694e-10	3.590380904e-11	-3.590380904e-11
10022.584	13.544	-19.051	1.247121392e-10	2.796523664e-11	-2.796523664e-11
10066.862	21.920	-30.734	7.92625394e-11	1.765147538e-11	-1.765147538e-11
10104.072	17.305	-15.291	1.22010229e-10	2.775111614e-11	-2.775111614e-11
10145.428	21.081	-24.051	9.48888006e-11	2.118934796e-11	-2.118934796e-11
10184.930	19.188	-18.422	9.9697389e-11	2.383550532e-11	-2.383550532e-11
10226.450	17.786	-22.331	1.031789528e-10	2.379290276e-11	-2.379290276e-11
10261.657	17.681	-17.422	1.08441113e-10	2.58870326e-11	-2.58870326e-11
10301.148	15.800	-21.81	1.026950342e-10	2.426045666e-11	-2.426045666e-11
10329.660	17.376	-12.712	1.346467452e-10	3.122317044e-11	-3.122317044e-11
10371.564	23.111	-24.528	8.29645982e-11	1.943212194e-11	-1.943212194e-11
10432.017	27.395	-37.342	1.08221663e-10	2.463963282e-11	-2.463963282e-11
10477.208	19.814	-17.795	1.02664771e-10	2.40390337e-11	-2.40390337e-11
10544.271	22.247	-47.248	1.076334116e-10	2.280605074e-11	-2.280605074e-11
10612.845	15.777	-46.328	1.13762253e-10	2.587512378e-11	-2.587512378e-11
10680.970	39.634	-52.348	1.029916052e-10	2.404473522e-11	-2.404473522e-11
10788.730	73.009	-68.126	6.82841874e-11	1.617957616e-11	-1.617957616e-11
10948.466	88.508	-86.727	7.67666196e-11	1.64427197e-11	-1.64427197e-11
15021.699	25.459	-32.21	6.39992694e-11	1.439525538e-11	-1.439525538e-11
15093.516	33.876	-46.358	7.48933944e-11	1.6053081e-11	-1.6053081e-11
15156.969	20.570	-29.576	7.35891508e-11	1.65767932e-11	-1.65767932e-11
15212.976	19.724	-35.437	7.33175344e-11	1.584290642e-11	-1.584290642e-11
15255.440	22.392	-22.74	8.52133128e-11	1.875247484e-11	-1.875247484e-11
15300.764	27.214	-22.933	7.38560856e-11	1.66369225e-11	-1.66369225e-11
15349.789	20.814	-21.811	8.61841596e-11	1.938526832e-11	-1.938526832e-11
15398.062	20.180	-27.459	8.539322e-11	1.827912746e-11	-1.827912746e-11
15441.929	26.459	-23.688	7.32891522e-11	1.648482066e-11	-1.648482066e-11
15497.330	31.234	-28.942	6.46746738e-11	1.42729026e-11	-1.42729026e-11
15553.378	30.347	-24.814	6.680685e-11	1.504899902e-11	-1.504899902e-11
15600.271	13.542	-16.546	1.22713723e-10	2.752048046e-11	-2.752048046e-11
15654.424	27.087	-40.611	5.35964616e-11	1.214508196e-11	-1.214508196e-11
15704.529	19.607	-23.018	9.53948732e-11	2.044748574e-11	-2.044748574e-11
15750.576	21.198	-26.441	8.0915604e-11	1.780670386e-11	-1.780670386e-11
15785.084	19.286	-13.309	1.199366564e-10	2.620899292e-11	-2.620899292e-11
15833.199	23.824	-28.829	6.92339252e-11	1.561883334e-11	-1.561883334e-11
15890.357	34.364	-33.334	5.46478988e-11	1.227373818e-11	-1.227373818e-11
15952.171	22.697	-27.449	7.31657168e-11	1.650582934e-11	-1.650582934e-11
15999.757	22.750	-24.889	8.0991053e-11	1.777315936e-11	-1.777315936e-11
16053.466	16.680	-30.959	7.7004587e-11	1.737186264e-11	-1.737186264e-11
16096.588	18.690	-26.442	8.63290802e-11	1.894456674e-11	-1.894456674e-11
16140.471	24.954	-25.192	7.39873794e-11	1.666649182e-11	-1.666649182e-11
16188.645	14.390	-23.22	1.034212674e-10	2.27273497e-11	-2.27273497e-11
16239.007	29.219	-35.972	5.6577554e-11	1.27259055e-11	-1.27259055e-11
16290.368	20.482	-22.143	9.10845408e-11	1.993205412e-11	-1.993205412e-11
16331.920	14.033	-21.07	1.098264486e-10	2.413491872e-11	-2.413491872e-11
16377.286	26.335	-31.333	6.36556734e-11	1.44675861e-11	-1.44675861e-11
16450.739	38.131	-47.118	4.28430772e-11	9.7083426e-12	-9.7083426e-12
16520.833	20.691	-31.963	6.98019036e-11	1.572366356e-11	-1.572366356e-11
16568.599	23.072	-27.074	7.3062847e-11	1.64826178e-11	-1.64826178e-11
16611.599	27.711	-19.928	7.73070518e-11	1.736290072e-11	-1.736290072e-11
16687.147	37.395	-47.837	6.29222088e-11	1.180393962e-11	-1.180393962e-11
20663.755	26.588	-31.08	6.31069648e-11	1.437606082e-11	-1.437606082e-11
20715.910	34.609	-25.567	5.92570594e-11	1.346016848e-11	-1.346016848e-11
20783.985	34.231	-33.467	5.34949712e-11	1.201293126e-11	-1.201293126e-11
20854.667	43.783	-36.451	4.97508198e-11	1.074538806e-11	-1.074538806e-11
20927.652	33.482	-29.201	5.82864634e-11	1.312629516e-11	-1.312629516e-11
21002.357	54.055	-41.223	3.759154256e-11	8.62578948e-12	-8.62578948e-12
21076.341	22.696	-19.929	8.51380728e-11	1.914602602e-11	-1.914602602e-11
21126.985	29.720	-27.948	6.33273344e-11	1.428190214e-11	-1.428190214e-11
21187.661	41.756	-30.957	5.02531722e-11	1.126889962e-11	-1.126889962e-11
21270.778	23.829	-41.361	5.5488664e-11	1.254997766e-11	-1.254997766e-11
21318.046	21.694	-23.438	8.09502562e-11	1.817834766e-11	-1.817834766e-11
21375.959	31.478	-36.22	5.38743062e-11	1.213266318e-11	-1.213266318e-11
21438.020	29.593	-30.583	6.07267056e-11	1.36563526e-11	-1.36563526e-11
21514.342	33.506	-46.729	4.78079558e-11	1.05320952e-11	-1.05320952e-11
21583.572	31.973	-35.724	5.35840888e-11	1.22067077e-11	-1.22067077e-11
21631.589	34.103	-16.044	7.1442679e-11	1.636950282e-11	-1.636950282e-11
21691.387	24.452	-25.695	7.02938896e-11	1.65630201e-11	-1.65630201e-11
21764.606	36.005	-48.768	5.7445531e-11	1.464783606e-11	-1.464783606e-11
21834.201	31.601	-33.59	4.73860684e-11	1.280566826e-11	-1.280566826e-11
21964.257	104.674	-98.455	2.784125366e-11	8.6423172e-12	-8.6423172e-12
22211.860	123.437	-142.929	5.11058086e-11	1.09960334e-11	-1.09960334e-11
26829.273	23.464	-19.161	4.6265703e-11	1.017638138e-11	-1.017638138e-11
26889.563	30.871	-36.827	2.876292276e-11	6.3265554e-12	-6.3265554e-12
26951.294	19.286	-30.86	3.820158848e-11	8.39150466e-12	-8.39150466e-12
26988.130	17.553	-17.549	5.23596414e-11	1.17567307e-11	-1.17567307e-11
27027.242	26.080	-21.559	3.869261726e-11	8.6879628e-12	-8.6879628e-12
27076.064	17.375	-22.742	4.7912205e-11	1.04690817e-11	-1.04690817e-11
27115.501	23.071	-22.061	4.012706786e-11	8.99756286e-12	-8.99756286e-12
27166.773	24.452	-28.202	3.4351658e-11	7.68126414e-12	-7.68126414e-12
27220.682	23.197	-29.457	3.484328452e-11	7.80198254e-12	-7.80198254e-12
27280.854	33.230	-36.975	2.598050576e-11	5.8417172e-12	-5.8417172e-12
27332.409	16.777	-18.326	5.44943256e-11	1.192302782e-11	-1.192302782e-11
27368.865	30.467	-19.679	3.602710232e-11	8.12327824e-12	-8.12327824e-12
27416.505	32.975	-17.172	3.634250422e-11	8.17161576e-12	-8.17161576e-12
27468.156	21.440	-18.677	4.57600902e-11	1.026063346e-11	-1.026063346e-11
27508.775	20.938	-19.179	4.54978788e-11	1.020184176e-11	-1.020184176e-11
27557.665	29.717	-27.952	3.135441826e-11	7.05004234e-12	-7.05004234e-12
27611.448	21.065	-24.067	4.08585595e-11	9.14889976e-12	-9.14889976e-12
27658.333	29.342	-25.82	3.265649662e-11	7.41494798e-12	-7.41494798e-12
27719.609	25.735	-31.934	3.29718191e-11	7.28130502e-12	-7.28130502e-12
27769.387	23.596	-24.043	4.18347358e-11	8.97559278e-12	-8.97559278e-12
27806.019	27.081	-13.036	4.54924866e-11	1.022899086e-11	-1.022899086e-11
27860.552	22.694	-27.452	3.59769674e-11	8.1918804e-12	-8.1918804e-12
27906.561	21.817	-23.315	3.999757982e-11	9.04373514e-12	-9.04373514e-12
27965.982	25.080	-37.604	3.145402348e-11	6.78272716e-12	-6.78272716e-12
28021.017	37.742	-29.955	2.674636118e-11	6.0222932e-12	-6.0222932e-12
28090.934	28.001	-32.174	3.106930464e-11	6.92572914e-12	-6.92572914e-12
28141.622	32.474	-22.687	3.16799274e-11	7.4654382e-12	-7.4654382e-12
28196.535	17.679	-22.439	4.51281996e-11	1.03630769e-11	-1.03630769e-11
28231.465	15.344	-17.252	5.76342162e-11	1.272760258e-11	-1.272760258e-11
28277.428	34.571	-30.62	2.873514666e-11	6.3968212e-12	-6.3968212e-12
28327.418	17.177	-15.419	5.52910754e-11	1.246685836e-11	-1.246685836e-11
28379.692	27.585	-35.098	2.8291703e-11	6.46926896e-12	-6.46926896e-12
28426.582	18.305	-19.304	4.76861088e-11	1.084276952e-11	-1.084276952e-11
28467.906	19.606	-23.018	4.6359544e-11	9.98426022e-12	-9.98426022e-12
28517.326	27.838	-29.814	4.44846886e-11	8.4906459e-12	-8.4906459e-12
32841.457	22.269	-25.37	4.84609972e-11	1.060339764e-11	-1.060339764e-11
32910.935	40.547	-47.209	2.695415316e-11	5.92941778e-12	-5.92941778e-12
32987.718	23.940	-36.235	4.100531512e-11	8.80978472e-12	-8.80978472e-12
33048.388	23.447	-36.729	3.715874118e-11	8.37948716e-12	-8.37948716e-12
33103.045	38.995	-31.21	3.240853484e-11	7.25695234e-12	-7.25695234e-12
33186.663	33.104	-44.623	2.925851192e-11	6.58862468e-12	-6.58862468e-12
33273.281	59.316	-53.514	2.012489842e-11	4.5382678e-12	-4.5382678e-12
33386.247	39.121	-53.65	2.427457252e-11	5.51303962e-12	-5.51303962e-12
33459.087	23.949	-33.72	3.793130132e-11	8.52957006e-12	-8.52957006e-12
33512.117	31.095	-29.081	3.769180822e-11	8.49969978e-12	-8.49969978e-12
33583.697	42.257	-40.485	2.697475638e-11	6.10887354e-12	-6.10887354e-12
33661.425	34.734	-35.472	3.230186542e-11	7.26368214e-12	-7.26368214e-12
33732.135	21.692	-35.976	3.97773816e-11	8.9827155e-12	-8.9827155e-12
33794.941	34.107	-41.113	2.984982726e-11	6.76960196e-12	-6.76960196e-12
33876.551	42.760	-47.504	2.441881178e-11	5.62592888e-12	-5.62592888e-12
33982.612	34.485	-63.301	2.259159166e-11	5.12351378e-12	-5.12351378e-12
34057.745	34.572	-40.648	3.125784354e-11	6.89472608e-12	-6.89472608e-12
34139.528	35.531	-47.211	2.842267494e-11	6.29485428e-12	-6.29485428e-12
34222.564	40.252	-47.505	2.579160738e-11	5.8492412e-12	-5.8492412e-12
34308.568	31.974	-45.753	2.888940956e-11	6.58928094e-12	-6.58928094e-12
34372.630	40.625	-32.088	3.08960729e-11	7.08752858e-12	-7.08752858e-12
34483.673	67.466	-70.418	2.624177666e-11	4.67171012e-12	-4.67171012e-12
38839.794	29.215	-25.946	3.209204196e-11	7.2225802e-12	-7.2225802e-12
38896.837	29.840	-27.828	3.126593602e-11	7.03665798e-12	-7.03665798e-12
38950.118	21.691	-23.441	3.962231614e-11	8.90288586e-12	-8.90288586e-12
39007.801	29.198	-35.993	2.86976646e-11	6.3107968e-12	-6.3107968e-12
39067.209	29.966	-30.21	2.983111758e-11	6.71374044e-12	-6.71374044e-12
39131.615	30.750	-34.44	2.843629756e-11	6.33168008e-12	-6.33168008e-12
39196.090	31.466	-33.724	2.879279304e-11	6.35136788e-12	-6.35136788e-12
39290.853	47.025	-63.297	1.607499674e-11	3.683542654e-12	-3.683542654e-12
39375.734	42.379	-37.856	2.178898986e-11	5.00943322e-12	-5.00943322e-12
39466.239	57.181	-48.126	1.684486496e-11	3.905084744e-12	-3.905084744e-12
39551.373	24.701	-27.953	3.37674194e-11	7.6617937e-12	-7.6617937e-12
39601.942	21.771	-25.868	4.129751384e-11	8.89593034e-12	-8.89593034e-12
39653.295	35.608	-29.582	2.790522438e-11	6.33166754e-12	-6.33166754e-12
39723.227	18.330	-34.324	3.621482194e-11	7.9885861e-12	-7.9885861e-12
39773.392	38.370	-31.835	2.570333832e-11	5.8898499e-12	-5.8898499e-12
39841.723	20.186	-29.961	3.563123124e-11	8.04521256e-12	-8.04521256e-12
39894.560	27.525	-32.651	3.162281188e-11	6.954057e-12	-6.954057e-12
39953.064	26.689	-30.979	3.28170128e-11	7.22785118e-12	-7.22785118e-12
40037.997	72.124	-58.244	2.34681293e-11	4.067180964e-12	-4.067180964e-12
44823.515	86.650	-73.819	1.5590982e-11	3.528859664e-12	-3.528859664e-12
44966.085	61.924	-55.92	2.283810716e-11	5.04166102e-12	-5.04166102e-12
45074.503	28.726	-46.494	3.784721644e-11	8.12854086e-12	-8.12854086e-12
45135.820	27.585	-32.591	4.24471058e-11	9.64676284e-12	-9.64676284e-12
45215.676	55.544	-52.271	2.39344919e-11	5.48434392e-12	-5.48434392e-12
45329.124	62.448	-57.904	2.162211172e-11	4.8839956e-12	-4.8839956e-12
45441.709	47.648	-50.138	2.620617978e-11	5.96185876e-12	-5.96185876e-12
45524.581	32.475	-35.223	3.61849851e-11	8.27436016e-12	-8.27436016e-12
45617.344	47.526	-60.289	2.347236364e-11	5.3073251e-12	-5.3073251e-12
45757.861	82.523	-92.99	1.412849196e-11	3.260926262e-12	-3.260926262e-12
45906.816	46.397	-66.432	2.399674046e-11	5.20176756e-12	-5.20176756e-12
46043.061	55.576	-89.848	1.8506114e-11	3.17423766e-12	-3.17423766e-12
50824.865	70.595	-54.772	1.82316134e-11	4.122402526e-12	-4.122402526e-12
50951.110	69.716	-55.65	1.79243625e-11	4.052929254e-12	-4.052929254e-12
51061.065	27.459	-40.239	3.371103956e-11	7.58002454e-12	-7.58002454e-12
51144.052	42.257	-55.528	2.351326076e-11	5.29883552e-12	-5.29883552e-12
51233.758	55.352	-47.448	2.341425328e-11	5.15292426e-12	-5.15292426e-12
51369.834	59.687	-80.723	1.62389656e-11	3.663627462e-12	-3.663627462e-12
51479.595	60.248	-50.074	2.183842254e-11	4.79591046e-12	-4.79591046e-12
51576.570	46.015	-36.727	2.778795866e-11	6.24820548e-12	-6.24820548e-12
51676.963	43.409	-54.377	2.470833112e-11	5.42041082e-12	-5.42041082e-12
51755.012	43.074	-34.641	3.25643736e-11	6.99206574e-12	-6.99206574e-12
55316.256	81.005	-99.522	1.877054498e-11	3.204286008e-12	-3.204286008e-12
60818.892	37.044	-43.19	1.572187034e-11	3.397953768e-12	-3.397953768e-12
60918.235	32.979	-62.299	1.22291125e-11	2.756636432e-12	-2.756636432e-12
60986.815	27.082	-35.601	1.86322246e-11	4.171074446e-12	-4.171074446e-12
61085.975	50.781	-72.078	9.36395658e-12	2.10591744e-12	-2.10591744e-12
61200.180	64.450	-63.424	1.7292451e-11	3.923271088e-12	-3.923271088e-12
61374.685	143.183	-110.056	1.734709196e-11	2.923735694e-12	-2.923735694e-12
66896.867	72.474	-67.936	1.347151718e-11	3.03240399e-12	-3.03240399e-12
67035.647	69.089	-66.306	1.385761124e-11	3.12228653e-12	-3.12228653e-12
67130.183	37.236	-25.447	3.02583512e-11	6.79167654e-12	-6.79167654e-12
67252.656	60.188	-85.237	1.28997935e-11	2.903710986e-12	-2.903710986e-12
67403.345	54.924	-90.501	1.279625072e-11	2.877663316e-12	-2.877663316e-12
67527.086	66.578	-68.817	1.396821822e-11	3.135253308e-12	-3.135253308e-12
67676.184	95.492	-82.519	1.638260712e-11	2.964112822e-12	-2.964112822e-12
68057.723	94.755	-96.818	1.320209946e-11	2.893971168e-12	-2.893971168e-12
68196.352	41.375	-43.874	2.210409916e-11	4.97557522e-12	-4.97557522e-12
68291.882	38.617	-54.154	1.76806267e-11	3.976355834e-12	-3.976355834e-12
68425.929	140.259	-95.43	1.551638572e-11	2.633810058e-12	-2.633810058e-12
72361.024	48.036	-55.072	2.162096222e-11	4.86257728e-12	-4.86257728e-12
72456.819	47.520	-47.758	1.13545938e-11	2.55633543e-12	-2.55633543e-12
72599.718	102.699	-95.38	9.52130014e-12	2.157647448e-12	-2.157647448e-12
72786.776	61.066	-84.358	1.310541606e-11	2.95002664e-12	-2.95002664e-12
72931.577	54.168	-83.735	1.368040014e-11	3.070668964e-12	-3.070668964e-12
73050.049	61.063	-64.304	1.489508306e-11	3.359288768e-12	-3.359288768e-12
73201.238	70.342	-90.127	1.170570544e-11	2.642513236e-12	-2.642513236e-12
73323.101	46.265	-51.52	1.916759064e-11	4.30640738e-12	-4.30640738e-12
73457.680	52.097	-88.314	1.451320244e-11	3.115695924e-12	-3.115695924e-12
73592.760	64.949	-82.984	8.51032952e-12	1.927107072e-12	-1.927107072e-12
73711.490	41.497	-53.781	1.128815688e-11	2.481632142e-12	-2.481632142e-12
73799.119	41.625	-46.132	1.163089598e-11	2.639173416e-12	-2.639173416e-12
73948.411	80.377	-107.667	8.01631204e-12	1.498624468e-12	-1.498624468e-12
78054.605	76.612	-66.306	9.9347105e-12	2.254408596e-12	-2.254408596e-12
78206.802	49.780	-75.586	1.109634922e-11	2.502220314e-12	-2.502220314e-12
78293.938	37.864	-37.356	1.361474488e-11	3.070477102e-12	-3.070477102e-12
78400.864	53.796	-69.062	1.417968442e-11	3.128953212e-12	-3.128953212e-12
78544.658	100.560	-89.997	1.545829208e-11	3.4881473e-12	-3.4881473e-12
78684.203	46.264	-38.985	1.64806114e-11	3.708630178e-12	-3.708630178e-12
78782.989	65.322	-52.522	1.344290508e-11	3.047207878e-12	-3.047207878e-12
78921.516	62.190	-73.205	1.348745134e-11	3.03801146e-12	-3.03801146e-12
79093.883	75.365	-110.177	7.71126818e-12	1.737023662e-12	-1.737023662e-12
79223.402	41.125	-54.154	1.079632554e-11	2.424447652e-12	-2.424447652e-12
79301.132	26.078	-36.605	1.637387928e-11	3.673032044e-12	-3.673032044e-12
79369.455	37.989	-42.245	1.285631732e-11	2.883963412e-12	-2.883963412e-12
79460.152	45.079	-52.707	1.088327372e-11	2.391886706e-12	-2.391886706e-12
79556.875	51.156	-51.645	9.93083146e-12	2.2324753e-12	-2.2324753e-12
79665.597	57.764	-57.566	1.15226507e-11	2.270926284e-12	-2.270926284e-12
83806.174	60.063	-77.84	1.188759814e-11	2.67527524e-12	-2.67527524e-12
83940.811	105.953	-74.575	9.04644796e-12	2.040263016e-12	-2.040263016e-12
84131.248	60.940	-84.484	1.1231242e-11	2.535732628e-12	-2.535732628e-12
84257.996	69.589	-65.807	1.204446518e-11	2.716411874e-12	-2.716411874e-12
84460.699	77.500	-133.115	7.98905844e-12	1.81153467e-12	-1.81153467e-12
84661.020	130.419	-122.821	6.62981022e-12	1.519761892e-12	-1.519761892e-12
84897.642	114.429	-106.203	1.120061932e-11	2.080458732e-12	-2.080458732e-12
113851.026	103.321	-109.801	4.87944358e-12	1.103972694e-12	-1.103972694e-12
114097.092	67.870	-142.745	3.923415716e-12	9.99088552e-13	-9.99088552e-13
114257.716	105.325	-92.754	5.28899162e-12	1.196633262e-12	-1.196633262e-12
114437.123	81.372	-74.082	6.73463626e-12	1.51624275e-12	-1.51624275e-12
114608.997	130.134	-90.502	4.73242462e-12	1.076008494e-12	-1.076008494e-12
118906.186	88.027	-162.705	2.967278754e-12	7.83037728e-13	-7.83037728e-13
119092.112	72.599	-97.899	5.86629978e-12	1.33019095e-12	-1.33019095e-12
119217.737	54.789	-53.026	9.34550188e-12	2.106760546e-12	-2.106760546e-12
119343.601	81.871	-71.076	6.57726762e-12	1.482716224e-12	-1.482716224e-12
119534.151	81.878	-108.679	5.2426605e-12	1.190173908e-12	-1.190173908e-12
119688.855	82.628	-72.827	6.44819758e-12	1.451928434e-12	-1.451928434e-12
119880.287	79.244	-108.805	5.34123326e-12	1.20407617e-12	-1.20407617e-12
120059.191	58.303	-99.659	6.35321544e-12	1.42887866e-12	-1.42887866e-12
120182.050	70.838	-64.557	7.41288724e-12	1.674993298e-12	-1.674993298e-12
120373.823	107.217	-120.934	5.0405993e-12	1.06386643e-12	-1.06386643e-12
124848.168	91.656	-108.93	4.99544694e-12	1.13457113e-12	-1.13457113e-12
125023.803	121.622	-83.979	4.84900482e-12	1.092724732e-12	-1.092724732e-12
125274.876	73.641	-129.452	3.672282152e-12	9.65247272e-13	-9.65247272e-13
125437.514	106.575	-88.996	5.08092376e-12	1.148826602e-12	-1.148826602e-12
125644.870	97.297	-100.781	5.01072066e-12	1.134220846e-12	-1.134220846e-12
125830.914	94.288	-88.747	5.40129568e-12	1.225372016e-12	-1.225372016e-12
126045.295	153.192	-120.094	6.78881324e-12	1.122108042e-12	-1.122108042e-12
130879.505	67.294	-115.74	4.123144058e-12	1.076075374e-12	-1.076075374e-12
131031.536	93.283	-84.737	5.67521944e-12	1.282213328e-12	-1.282213328e-12
131291.665	186.680	-166.846	4.99509164e-12	8.54937908e-13	-8.54937908e-13
142852.336	147.055	-148.807	3.695730698e-12	8.13918314e-13	-8.13918314e-13
222816.690	148.704	-172.233	2.499298912e-12	6.5199849e-13	-6.5199849e-13
223162.861	133.500	-197.467	2.422581282e-12	6.3053419e-13	-6.3053419e-13
223593.881	223.993	-297.52	1.629097316e-12	4.130061958e-13	-4.130061958e-13
228881.663	170.788	-257.964	1.926824922e-12	5.04134752e-13	-5.04134752e-13
229337.990	238.482	-285.54	2.108555856e-12	4.73824736e-13	-4.73824736e-13
233225.423	312.935	-323.919	1.89332055e-12	4.1927699e-13	-4.1927699e-13
238927.206	313.565	-290.699	1.362158336e-12	3.569856686e-13	-3.569856686e-13
239515.784	171.289	-275.014	1.840652968e-12	4.83782332e-13	-4.83782332e-13
239973.260	300.514	-286.186	1.637669242e-12	4.041956336e-13	-4.041956336e-13
279600.419	678.867	-722.713	1.218844946e-12	2.315568266e-13	-2.315568266e-13
284917.087	211.236	-292.735	1.585588532e-12	4.22990502e-13	-4.22990502e-13
285368.589	130.819	-240.265	2.186857288e-12	5.6921777e-13	-5.6921777e-13
285791.435	547.910	-292.028	9.58239502e-13	2.520450548e-13	-2.520450548e-13
297159.708	446.890	-572.959	1.400753948e-12	2.81830648e-13	-2.81830648e-13
303076.594	540.756	-452.135	1.321891142e-12	2.750297462e-13	-2.750297462e-13
354018.566	420.679	-263.814	1.178694792e-12	3.095539546e-13	-3.095539546e-13
362912.042	4005.175	-3289.948	7.25317362e-13	1.289718936e-13	-1.289718936e-13
412135.272	804.216	-915.792	5.19476188e-13	1.316003194e-13	-1.316003194e-13
417308.465	789.336	-918.135	7.83494602e-13	1.655101096e-13	-1.655101096e-13
438074.781	8342.630	-4397.058	6.87569036e-13	1.120068202e-13	-1.120068202e-13
597191.191	9661.242	-8782.039	4.21670458e-13	9.6956772e-14	-9.6956772e-14
781625.227	49152.931	-21212.328	1.866736586e-13	5.07472064e-14	-5.07472064e-14
1107745.914	210891.352	-158079.583	8.11431214e-14	2.155388576e-14	-2.155388576e-14
NO NO NO NO NO NO
! PCUL_incbad
1478844.533 6054.258 -12820.188 1.7221182e-13 0 0
